  0.99967869489464267       -2.5347721273199952E-002
  0.99975619097882551       -2.2080729143534986E-002
  0.81065943506129268      -0.58551795902952952     
  0.99958252160361949       -2.8892602938287937E-002
  0.99406631329908002       0.10877575448589337     
  0.99930319289873981        3.7324638811167349E-002
 -0.20235685033706735       0.97931185284446631     
  0.81438844854308345       0.58032013137542415     
  0.89062026641932923       0.45474777739221894     
  0.92031441077733889      -0.39117947967085331     
 -0.14017220307717818       0.99012714006055325     
  0.96734883115596115       0.25344869078611509     
  0.96932191003674539      -0.24579470035522669     
  0.11522889511846410       0.99333896617910744     
  0.99497787113116531      -0.10009513454356388     
  0.77326167828285042       0.63408704205273703     
  0.94860642237762116       0.31645829966036643     
  0.99931770275824916       -3.6934116396303271E-002
  0.53658325723181166       0.84384738434061601     
   6.5902746301312196E-002  0.99782605098781862     
  0.79898369563645211       0.60135268695426758     
 -0.13204773262548672       0.99124335877143099     
  0.64319665521133418       0.76570102698439158     
  0.76880781419975364       0.63947990181505876     
  0.59331485103008375       0.80497048861877507     
  0.34366727799044239       0.93909147692790829     
  0.20344584897102322       0.97908619974773392     
  0.90983607311603121      -0.41496785424512100     
  0.43781382793594453       0.89906565503753677     
  0.81607140918606613      -0.57795108366458514     
 -0.17860179488706096       0.98392143937568521     
  0.91211656827618692       0.40993092817701865     
  0.21532424308311807       0.97654261061188841     
  0.39628564913938413       0.91812727020069329     
  0.99982415879920583        1.8752372688821326E-002
  0.62511069228236671       0.78053611216538876     
  0.56498016184486965       0.82510448836601591     
  0.98523521080761334       0.17120624808948351     
  0.46387598081295245       0.88590014924077165     
  0.21974616835946895       0.97555708264116048     
  0.37597195204429229       0.92663104376877226     
  0.98316580076858662       0.18271564847889679     
  0.97285208979541549      -0.23142776709092802     
  0.87851459148353483      -0.47771551424516018     
 -0.25580388100998880       0.96672869744320067     
  0.81891522145822027       0.57391450588396364     
  0.91440962692302452      -0.40479011128051923     
  0.97348781559418951      -0.22873887489810993     
 -0.16221780039027864       0.98675497730517669     
   5.6094680317244086E-002  0.99842545382222014     
  0.98141809343871367       0.19188154124646858     
  0.90401551436481598      -0.42749964887437880     
   5.3137846953586884E-003  0.99998588174644309     
  0.76038683840576549       0.64947044272952426     
  0.99975485942894748        2.2140936028213560E-002
  -6.5916742399201686E-002  0.99782512649836463     
  -8.6326308862532897E-002  0.99626691624191288     
  0.83503539464403909      -0.55019622835100745     
 -0.23060796318693738       0.97304674467097008     
 -0.25127321350634718       0.96791620100822451     
  0.97673373587116974      -0.21445561128389243     
  0.28727745503407626       0.95784741155840902     
  0.93271423150772914      -0.36061636449687956     
  0.98309503127239872       0.18309603897277918     
  -4.7049044980806642E-002  0.99889258049421614     
  0.85788781501336042      -0.51383703335941266     
  -3.4972718702108253E-002  0.99938826736488318     
  0.94796437112326914       0.31837642984502607     
  0.90638368319901197       0.42245546372439435     
   1.7172051756215435E-002  0.99985254944840840     
  0.99079752990190018      -0.13535233555536905     
  0.75892259804179918       0.65118084291653244     
  0.84038868543447875       0.54198418555683781     
  0.93205718946350646      -0.36231118609475638     
   6.4851173182490007E-002  0.99789494704445447     
  0.82194718540394240      -0.56956371408871997     
  0.20074647896090089       0.97964322647829327     
  0.28241126789494891       0.95929342526985317     
  0.84402040205266160       0.53631106730969436     
  -6.5800619449096043E-002  0.99783279084229104     
  0.75122658110190188       0.66004441051034413     
  0.38566494292276332       0.92263890650697233     
  0.57800099667130567       0.81603605793308986     
  0.98726563212158636      -0.15908039361142071     
  0.44889726035451888       0.89358337587838288     
  0.93304871872048711       0.35975003612794448     
  0.94260739020900186      -0.33390314152965767     
 -0.23689329847633339       0.97153567363067161     
  0.57153186231022768       0.82057987445720537     
  0.93172441120214999       0.36316610740817623     
  0.93653847482071351       0.35056480881641822     
  -3.9538270812262903E-002  0.99921805685304554     
  0.50484116756193975       0.86321225404572277     
  0.22593335225720695       0.97414276178485304     
  0.74408116214949538       0.66808923366138484     
 -0.22980870710675450       0.97323581835951867     
  0.92266033657321911       0.38561367106807037     
  0.68495414409543764       0.72858617917614010     
  0.68769348752244841       0.72600114822168993     
  0.93560372239549061       0.35305194326005584     
  0.92147099235496344       0.38844717819590219     
  0.98902686873363976      -0.14773575370549866     
  0.94553871558750913      -0.32550965780622182     
  0.20281169903601623       0.97921775654556242     
  0.53205076431795117       0.84671245661598959     
  0.99123743808802223      -0.13209216983869382     
  0.33726343011936666       0.94141031368055406     
  0.23047341407627014       0.97307862241651788     
  0.76056108662549204       0.64926638101094591     
  0.96235612039851315      -0.27179164360134839     
  0.49638783831027583       0.86810086624634319     
  0.94253477765753568      -0.33410805573356023     
  0.99573563884438643       -9.2252574680394356E-002
   2.4533899173350748E-002  0.99969899859475297     
  0.92248575126516585      -0.38603113697309777     
 -0.24562334520133103       0.96936534510581085     
  0.36657291799354119       0.93038932484938830     
  0.97350788107999719      -0.22865346154198926     
  0.98764493007557164      -0.15670830257525961     
  0.54773752208245241       0.83665022972743808     
  0.99117007792066592       0.13259666901827125     
  0.12050688148969749       0.99271249186943744     
  0.62520274560152134       0.78046238019030700     
  0.19847766134156120       0.98010541165141241     
  0.27273928952592930       0.96208797931836321     
 -0.14322555092474915       0.98969007348881810     
  0.98440009020542552       0.17594448670972951     
  0.39416735447588158       0.91903868072322437     
  0.60577480090188474       0.79563615465379767     
  -6.0423409238452339E-002  0.99817283654485534     
 -0.16914761442238260       0.98559072871817188     
   3.3323735138731304E-002  0.99944461010923646     
  0.81443333584699984      -0.58025713391661793     
  0.99915868727631807       -4.1011189208128150E-002
  0.79748096215895048       0.60334410993564414     
 -0.24535292657192903       0.96943382519003818     
  0.91633720717027589       0.40040744592899219     
  0.97628319787503226       0.21649738461907725     
  0.96691852870731543      -0.25508539519635476     
  0.45592278537661773       0.89001933337115025     
 -0.12757915012617257       0.99182839264314449     
  0.92665888275019748      -0.37590333201523474     
  0.86382219360343371       0.50379680213172440     
  0.92987160840336480      -0.36788420988857257     
  0.99622913936296231       -8.6761177286453647E-002
  0.99998519277362730        5.4418961301540957E-003
   9.6778401813235646E-002  0.99530595343465911     
  0.24598853582899760       0.96927273779917378     
  0.88402726469334780      -0.46743533807233439     
  0.30322884104924369       0.95291776662833427     
  0.84652423770544860       0.53235018078066731     
  0.97452634028918550      -0.22427307480517270     
  0.89924128571146023       0.43745298041275232     
  0.99538015403992375       -9.6012233301062067E-002
  -5.0973116864981585E-002  0.99870002571195970     
  0.94269484024948358      -0.33365616758423744     
 -0.21185885184362446       0.97730027468301739     
  0.97104879055468507      -0.23888123903371616     
  0.89856347735665743      -0.43884356798375407     
  0.97973452427292951       0.20030042922494326     
  0.78756515705215102      -0.61623138787100151     
  0.77041305300398644       0.63754507900310609     
  0.99870899522611012       -5.0797075254914531E-002
  0.97766340688928111      -0.21017674188559485     
   9.3216086720372807E-002  0.99564590150140220     
  0.98573818157802839      -0.16828617702961213     
  0.99262888811031924      -0.12119360745877369     
  0.93663621047704737      -0.35030359578970394     
  0.16458514970363822       0.98636287870997608     
  0.96771607410558724      -0.25204285333583581     
 -0.10423714082282123       0.99455247145290593     
  0.61174037296644657       0.79105860470819278     
  0.91207771217152178       0.41001737397330207     
  0.94105026094124011      -0.33826676807280948     
  0.63560329852791231       0.77201583332237267     
  0.16932355452752573       0.98556051761531316     
  0.96329616863805279       0.26844085286566965     
  0.27246375907295067       0.96216604595664101     
 -0.21651244174267203       0.97627985873448508     
  0.94919231307610896      -0.31469660436240149     
  0.63976476999641563       0.76857077687837794     
  0.95903884848369492      -0.28327457898489333     
   3.3094484551403985E-002  0.99945222751879281     
  0.16991723050929200       0.98545833741262356     
  0.34132689398073973       0.93994465339479472     
  0.87286670792525300      -0.48795871771670507     
  0.82810167244640132      -0.56057793400335798     
  0.97173659904118492       0.23606774892786916     
  0.90437763290228468      -0.42673305134013284     
  0.93354926459533238       0.35844911852801936     
  0.99231764041868498       0.12371620958424698     
  0.36617367303368914       0.93054652821716388     
  0.95893456059914794       0.28362741138422953     
  0.11984714782965707       0.99279235550899381     
  0.54678620474007467       0.83727226533902643     
  0.84912148828615019      -0.52819759383275622     
  0.80081586277892025      -0.59891063934584898     
  0.67532091951621187       0.73752400344922886     
  0.95327509116931031       0.30210362552631359     
  0.97792232351441977      -0.20896872773733047     
  0.89752768443170983      -0.44095811102490584     
  0.90222717678376985       0.43126108272459279     
  0.96930911697579569      -0.24584514586951536     
  0.90646128636093193      -0.42228892517905858     
   7.2560743518297138E-002  0.99736399498882644     
  0.94947976457242012       0.31382825982932400     
  0.94937482771856430       0.31414556577221708     
  0.95841328086970534      -0.28538392220404990     
  0.44536143965135039       0.89535087427872462     
  0.78940456793339031      -0.61387329973366433     
  0.84498449132227260      -0.53479080903175602     
 -0.24812116677075347       0.96872900575977383     
  0.99769845589812778       -6.7807013637909197E-002
  0.99980360641724331       -1.9817885736727547E-002
  0.82840936622156502      -0.56012313106707623     
  0.47820068058282100       0.87825059583818488     
 -0.91128558196281861      -0.41177492408679672     
 -0.91262635810788395      -0.40879472903492842     
 -0.51946693760407603      -0.85449055040781052     
 -0.90981962387065651      -0.41500391807771825     
 -0.95822698218619340      -0.28600882960206181     
 -0.93529052780136135      -0.35388081129817062     
 -0.20235685033706735       0.97931185284446631     
 -0.97588189914366219       0.21829915007566936     
  0.89062026641932923       0.45474777739221894     
 -0.69601533236969604      -0.71802691948582398     
 -0.25554864881410733       0.96679619780452397     
 -0.98982042793178648      -0.14232189026617037     
 -0.79766065531966523      -0.60310652372114404     
 -0.49213090336126353       0.87052120821771295     
 -0.87791147086304322      -0.47882298329036871     
 -0.95887723469818054       0.28382115632484267     
 -0.99703258452030274       -7.6980682023260971E-002
 -0.90645113311783354      -0.42231071886632959     
 -0.82229559710790601       0.56906058638509893     
   6.5902746301312196E-002  0.99782605098781862     
 -0.96985955746071262       0.24366460309636889     
 -0.26346848200518719       0.96466800454347101     
 -0.89016914889923582       0.45563020789672204     
 -0.95686867039146262       0.29052082132486667     
 -0.85946443946962370       0.51119553723322486     
 -0.68154344445558634       0.73177765292444896     
 -0.56787885963988172       0.82311214349814299     
 -0.67711745333207285      -0.73587495839516670     
 -0.75274115456217894       0.65831660637446932     
 -0.52739375578579106      -0.84962098982908718     
 -0.21772727175169368       0.97600964909962040     
 -0.99972791807381567        2.3325733081613231E-002
 -0.57783567703821059       0.81615312922379513     
 -0.72188209945532356       0.69201606519355774     
 -0.92855442634023877      -0.37119627870434108     
 -0.87926827146612230       0.47632689068850426     
 -0.84117893411800593       0.54075687771501868     
 -0.97434670553385117      -0.22505221042089599     
 -0.77164023978320095       0.63605922707506113     
 -0.58152725254558579       0.81352692306203522     
 -0.70646852953486738       0.70774445725617829     
 -0.97691179227121783      -0.21364304370008610     
 -0.80649565009963153      -0.59124002433053602     
  0.87851459148353483      -0.47771551424516018     
 -0.25580388100998880       0.96672869744320067     
 -0.97756414021187621       0.21063796374779048     
 -0.68528616150897104      -0.72827390235013967     
 -0.80812617900492123      -0.58900940468459917     
 -0.16221780039027864       0.98675497730517669     
   5.6094680317244086E-002  0.99842545382222014     
 -0.97886275074283791      -0.20451825152823191     
 -0.66688506524690749      -0.74516059326203532     
 -0.39343440263635582       0.91935269120298646     
 -0.95299108861607862       0.30299832510814612     
 -0.92980717641639565      -0.36804702781651405     
  -6.5916742399201686E-002  0.99782512649836463     
 -0.30754946005627909       0.95153209594794608     
  0.83503539464403909      -0.55019622835100745     
 -0.23060796318693738       0.97304674467097008     
 -0.25127321350634718       0.96791620100822451     
 -0.81666673916727051      -0.57710955384389373     
 -0.63687164934201190       0.77096984523675471     
 -0.71931600634045856      -0.69468300902095903     
 -0.97699438140457162      -0.21326504332379179     
 -0.34476090761743888       0.93869053291209870     
 -0.59083576499612822      -0.80679185593400748     
 -0.35608099697729428       0.93445509447573571     
 -0.99718625623475210       -7.4963793770854381E-002
 -0.99931179204587117        3.7093695934353632E-002
 -0.40430916424166807       0.91462238093663761     
 -0.86036061762384775      -0.50968579305481099     
 -0.95230645817965420       0.30514326096003253     
 -0.98494411957229533       0.17287302079837863     
 -0.71805207577328389      -0.69598937957247486     
 -0.44748153928085199       0.89429316893446043     
 -0.53606673306579755      -0.84417560833049610     
 -0.56560800739547767       0.82467422778338195     
 -0.63294963626669198       0.77419297203595339     
 -0.98608623962090314       0.16623455726865849     
  -6.5800619449096043E-002  0.99783279084229104     
 -0.94865899720807900       0.31630065920918049     
 -0.71384882598260890       0.70029983124605355     
 -0.84965324568440337       0.52734178868923243     
 -0.84788683462597214      -0.53017724929305465     
 -0.76082366092124620       0.64895867124370288     
 -0.99951797177971946       -3.1045516413108210E-002
 -0.73881111487250906      -0.67391255852732157     
 -0.23689329847633339       0.97153567363067161     
 -0.84545785988455635       0.53404213987233817     
 -0.99962500730925441       -2.7383293482951487E-002
 -0.99916467758065863       -4.0864985930978537E-002
 -0.35180802455066562       0.93607217342561699     
 -0.80057156901866722       0.59923715078338524     
 -0.58667878616591818       0.80981973417723341     
 -0.94520075600781195       0.32648971016291040     
 -0.22980870710675450       0.97323581835951867     
 -0.99999495129216243       -3.1776390899519447E-003
 -0.91422502916967074       0.40520685586465044     
 -0.91574474605941292       0.40176057554790257     
 -0.99926972852299933       -3.8210072723978805E-002
 -0.99999999452444321       -1.0464757047456974E-004
 -0.85391757876660812      -0.52040827114235422     
 -0.74477336143550577      -0.66731749572153276     
  0.20281169903601623       0.97921775654556242     
 -0.81923242614634140       0.57346162203793538     
 -0.86203267891511115      -0.50685270097182811     
 -0.67654371394506918       0.73640247359810829     
 -0.59044867231180609       0.80707519189058552     
 -0.95307235933601142       0.30274259341838400     
 -0.78114121935622038      -0.62435438288097056     
 -0.79468185400700886       0.60702615340031518     
 -0.73866458936106483      -0.67407315954876124     
 -0.88165687751029742      -0.47189103651032915     
 -0.41103293258771767       0.91162049578118898     
 -0.70001642700321520      -0.71412674080001559     
 -0.24562334520133103       0.96936534510581085     
 -0.69926823050216169       0.71485938604062260     
 -0.80817785476564452      -0.58893849854326996     
 -0.84915799207203690      -0.52813890644430528     
 -0.82977706672638873       0.55809499149781872     
 -0.96481376706982702      -0.26293420255366162     
 -0.49675078753614021       0.86789322792738999     
 -0.87932444409957722       0.47622318508129080     
 -0.56369702910501418       0.82598163380197553     
 -0.62512338808272006       0.78052594426577593     
 -0.25256538205541701       0.96757983018829063     
 -0.97541821239423476      -0.22036177284101710     
 -0.72028436121988559       0.69367891634535184     
 -0.86731861950597999       0.49775336488891880     
 -0.33215771073961708       0.94322386271564229     
 -0.22708723214594323       0.97387442157410342     
 -0.41903331308629382       0.90797085995307369     
 -0.52498838423651450      -0.85110939156887122     
 -0.90472049085739759      -0.42600567299362374     
 -0.96924864791152898       0.24608343812957700     
 -0.24535292657192903       0.96943382519003818     
 -0.99991665466130086        1.2910605367402739E-002
 -0.98369563073487287      -0.17984133583000689     
 -0.79183626677705732      -0.61073343335417074     
 -0.76591240688488305       0.64294493152975851     
 -0.26781328065459908       0.96347083334422789     
 -0.70779677081174019      -0.70641611761657419     
 -0.99169900125660704       0.12858106745025860     
 -0.71387285232004849      -0.70027533922053720     
 -0.88424525120372022      -0.46702284282856060     
 -0.92353110737298383      -0.38352352432990422     
 -0.47589431941326316       0.87950247114501445     
 -0.60326602404862317       0.79754003299431064     
 -0.63295052893110482      -0.77419224222788163     
 -0.64965435832137253       0.76022971180692878     
 -0.98685437261685205       0.16161202692559634     
 -0.81081826523563594      -0.58529799312852082     
 -0.99855775953178383        5.3687995668161681E-002
 -0.87986853171009505      -0.47521717867341595     
 -0.34107033280838084       0.94003778013332018     
 -0.73898765414008805      -0.67371896739555304     
 -0.21185885184362446       0.97730027468301739     
 -0.80193803660791907      -0.59740721910723216     
 -0.65745378571343316      -0.75349487035485208     
 -0.98058256413034195      -0.19610669270466977     
 -0.48625366284181826      -0.87381770145317805     
 -0.95759602309234182       0.28811431161560080     
  0.99870899522611012       -5.0797075254914531E-002
 -0.81918589359165739      -0.57352809150070261     
 -0.47274397886346137       0.88119982435787125     
 -0.84290254707324230      -0.53806625627095528     
 -0.86754936990322962      -0.49735107397140477     
 -0.72693679708382164      -0.68670437092355496     
 -0.53489873948995048       0.84491617246450079     
 -0.79375330948755485      -0.60823982414632694     
 -0.29037973956236257       0.95691149373998763     
 -0.87103690082389829       0.49121758661829124     
 -0.99972570284158113        2.3420484151849774E-002
 -0.73568086953485645      -0.67732832378429142     
 -0.88562597731382153       0.46439921221610492     
 -0.53895309717203088       0.84233577571457552     
 -0.99191129045379722      -0.12693302119733541     
 -0.62489983825763429       0.78070493283031228     
 -0.21651244174267203       0.97627985873448508     
 -0.75234123977606460      -0.65877360218227810     
 -0.88812192871969609       0.45960791956536973     
 -0.77362296325823832      -0.63364620311301700     
 -0.41882503433607232       0.90806695271515514     
 -0.53946042676773920       0.84201095476933607     
 -0.67971843988901948       0.73347313684608628     
 -0.61469262541471381      -0.78876674388615453     
 -0.54522903153198643      -0.83828712454307230     
 -0.98711019655279519      -0.16004205653984446     
 -0.66751658882314369      -0.74459492587977949     
 -0.99947372671890611       -3.2438705255014855E-002
 -0.96242072024001291      -0.27156280535576849     
 -0.69896143444751213       0.71515936206909603     
 -0.99379301269356235      -0.11124499054543219     
 -0.49617391943375316       0.86822315200284050     
 -0.82914218202620793       0.55903778225162837     
 -0.57717850165619433      -0.81661801181820060     
 -0.50519313117510489      -0.86300631528019167     
 -0.90882141826757257       0.41718536611213725     
 -0.99575702073187322       -9.2021495658267061E-002
 -0.81989383339786726      -0.57251559101578253     
 -0.65567778251150755      -0.75504082374451298     
 -0.99890322789523778        4.6822444409436281E-002
 -0.79762926712318305      -0.60314803508635784     
 -0.67116326713538810      -0.74130956344036991     
   7.2560743518297138E-002  0.99736399498882644     
 -0.99681542335412521       -7.9743412037212802E-002
 -0.99684201854866994       -7.9410264171664247E-002
 -0.77222697446052690      -0.63534675565044085     
 -0.75825239865991012       0.65196111841619286     
 -0.48886477189807409      -0.87235957884180071     
 -0.57080479554150787      -0.82108579660521319     
 -0.24812116677075347       0.96872900575977383     
 -0.89296364312260501      -0.45012879497006797     
 -0.91354926146786930      -0.40672809943684851     
 -0.54568926068378465      -0.83798760776898418     
 -0.78186726766167336       0.62344492600330725     
  -9.3050364852370615E-003 -0.99995670721087149     
  -6.0372214991059048E-003 -0.99998177581222503     
 -0.51946693760407603      -0.85449055040781052     
  -1.2851004904038232E-002 -0.99991742242695048     
  0.12471112627338254      -0.99219309359802810     
   5.3353231484692176E-002 -0.99857570203272095     
  0.97775242338188151       0.20976224295820700     
  0.59331194941887277      -0.80497262728416874     
  0.89062026641932923       0.45474777739221894     
 -0.37636307048067724      -0.92647225494256280     
  0.98775068467748850       0.15604033106589221     
  0.26893676920563958      -0.96315783450545289     
 -0.79766065531966523      -0.60310652372114404     
  0.99505989999105138       -9.9276358866544290E-002
  -8.4118250810358841E-002 -0.99645577918972728     
  0.64641207744512685      -0.76298848361759419     
 -0.99703258452030274       -7.6980682023260971E-002
  -2.0895732144633250E-002 -0.99978166035296945     
  0.85234801366355306      -0.52297501240861977     
  0.88651128010269420       0.46270698098330265     
  0.61409463488750948      -0.78923239885497409     
  0.98899711339901719       0.14793481567369982     
  0.77592228239408456      -0.63082851210479918     
  0.65173278265900114      -0.75844866669245081     
  0.81438635670810944      -0.58032306692711444     
  0.94448459087560543      -0.32855571460338473     
  0.98222437193539258      -0.18771063682200806     
 -0.40031650345281061      -0.91637694049082008     
  0.90597446279551641      -0.42333234315650337     
 -0.52739375578579106      -0.84962098982908718     
  0.98092919625459707       0.19436540827860938     
  0.42451268550564625      -0.90542198992778233     
  0.97987169402772156      -0.19962831272954129     
  0.92436732223023010      -0.38150367441600641     
   3.4791714708707122E-002 -0.99939458503017153     
  0.79046527633772612      -0.61250685457741860     
  0.83406314664908165      -0.55166898354160998     
  0.18699189236152469      -0.98236145699587407     
  0.89322880791879800      -0.44960237622143806     
  0.97895724083796754      -0.20406548118413803     
  0.93254407649055215      -0.36105615269980296     
  0.19846660842292851      -0.98010764987377796     
 -0.21578897669731023      -0.97644002249801698     
  0.87851459148353483      -0.47771551424516018     
  0.98779184601643455       0.15577955239197627     
  0.58697977863299178      -0.80960159305424084     
 -0.39006668985586207      -0.92078660799606060     
 -0.21309023067381483      -0.97703252432627874     
  0.96837628288618494       0.24949423789646041     
  0.89101515311221768       0.45397356412506162     
  0.20760328010862417      -0.97821310463934208     
 -0.41294007336202820      -0.91075819832256422     
  0.99994241847936349        1.0731249957091293E-002
  0.66158692656995921      -0.74986848086295543     
   3.8178729984616466E-002 -0.99927092651430716     
  0.93967027478104914       0.34208153223012183     
  0.99475360513645050       0.10229987814281560     
  0.83503539464403909      -0.55019622835100745     
  0.98341240215850800       0.18138370180595897     
  0.98705138756195732       0.16040435876875458     
 -0.19875672621881180      -0.98004885785494444     
  0.96233336032903249      -0.27187221924616167     
 -0.34560493958708993      -0.93838010727689902     
  0.19884581448534777      -0.98003078628258367     
  0.99800911849803509        6.3069797801919902E-002
 -0.50000644371388825      -0.86602168347252750     
  0.99869850111155301        5.1002979104536883E-002
  0.33354513513791761      -0.94273413156935626     
  0.43694362714630341      -0.89948889192487147     
  0.99999936422515900       -1.1276299381741683E-003
 -0.11943798523409788      -0.99284166294692722     
  0.66327361347244140      -0.74837698633189575     
  0.55539810110681731      -0.83158460140080881     
 -0.34731008498505422      -0.93775034250469602     
  0.99880700515183474       -4.8832022890958671E-002
 -0.53606673306579755      -0.84417560833049610     
  0.98273801671363303      -0.18500267702321282     
  0.96370111199087960      -0.26698345781628918     
  0.54978398247525195      -0.83530687331881337     
  0.93963045847233739       0.34219088461130143     
  0.67201256078786331      -0.74053974784837762     
  0.92870797304685204      -0.37081194802650019     
  0.82520479731650231      -0.56483364142535852     
 -0.14321965676138071      -0.98969092645994927     
  0.90067071831586287      -0.43450230973884107     
  0.37467410037024307      -0.92715657712802213     
 -0.31873642366482069      -0.94784339013856100     
  0.98456438935703283       0.17502275054978744     
  0.82964423442365565      -0.55829243617264435     
  0.37806848397101989      -0.92577763065860208     
  0.36554604706531424      -0.93079325710649841     
  0.99845506015648455        5.5565212569658184E-002
  0.87120110226671721      -0.49092630751392552     
  0.97764237278610810      -0.21027456083213825     
  0.67994170316325642      -0.73326617288638862     
  0.98326309724142402       0.18219133240415675     
  0.40036772887924843      -0.91635456111271296     
  0.73948219335514587      -0.67317611789981369     
  0.73694144675938655      -0.67595658444028994     
  0.36801786365133438      -0.92981871998444332     
  0.40318178874583055      -0.91511990756605943     
 -0.13184821886927967      -0.99126991641076190     
 -0.31029698849545628      -0.95063966829217217     
  0.81427093737425715       0.58048500458465657     
  0.85513999520729411      -0.51839713405541743     
 -0.11617118103330648      -0.99322920652653357     
  0.94670038211040364      -0.32211548629647702     
  0.97665121376867980      -0.21483111190924975     
  0.66138568685772603      -0.75004598073700413     
 -0.25631606085907455      -0.96659302550022974     
  0.87595345509936706      -0.48239563068033831     
 -0.31894247652933744      -0.94777407469572261     
  -7.6264542398651769E-002 -0.99708761880424768     
  0.99996395086595469       -8.4909933783305913E-003
 -0.37118055225051216      -0.92856071294827314     
  0.98609900196806488       0.16615883460588721     
  0.93615107026863098      -0.35159802848551014     
 -0.21300450637008050      -0.97705121680802320     
 -0.14084178539144565      -0.99003211639206445     
  0.84533075094937604      -0.53424331675685466     
  0.14848250564574739      -0.98891503452883212     
  0.99451818938236525      -0.10456371735751491     
  0.79039303081019241      -0.61260007904560232     
  0.98316374017373687      -0.18272673588610167     
  0.96634012351404008      -0.25726788701054382     
  0.98726468469089323       0.15908627333051639     
  0.19171612190684018      -0.98145042085731582     
  0.92524462829151066      -0.37937102922825372     
  0.80525313890931149      -0.59293117836448883     
  0.99707488117649101        7.6430892490449986E-002
  0.98274995905001061       0.18493922782147387     
  0.99985062432742278       -1.7283779449623560E-002
 -0.52498838423651450      -0.85110939156887122     
  -2.4974831481571091E-002 -0.99968808024926847     
  0.61606169080466944      -0.78769790727339906     
  0.98605261280398282       0.16643390514687484     
  0.41505814751063108      -0.90979488577648304     
  0.23213356763988180      -0.97268391925372200     
 -0.23953876101216665      -0.97088680183261145     
  0.89721985615951616      -0.44158411397274888     
  0.98965376848045195       0.14347619500265640     
 -0.70779677081174019      -0.70641611761657419     
 -0.99169900125660704       0.12858106745025860     
 -0.35291745812922348      -0.93565445958837179     
  -7.0765933864029740E-002 -0.99749294864893767     
   2.1485535230061803E-002 -0.99976915924421195     
  0.99673060368739752       -8.0796681076366283E-002
  0.97309475262263390      -0.23040530032595907     
 -0.45319132495206060      -0.89141327283600402     
  0.95766028319913232      -0.28790064602733678     
  0.54586377878584547      -0.83787393742116034     
 -0.20860834274027629      -0.97799926346554855     
  0.45182461656895523      -0.89210678501080642     
  -8.0029420669991524E-002 -0.99679250189155499     
  0.99775362842774729        6.6990275109637398E-002
 -0.31848807841158416      -0.94792686632972756     
  0.97974361694627854       0.20025594885801556     
 -0.22327042238428774      -0.97475654318826832     
 -0.65745378571343316      -0.75349487035485208     
 -0.98058256413034195      -0.19610669270466977     
 -0.48625366284181826      -0.87381770145317805     
  0.64982396428017386      -0.76008474228022727     
  0.99870899522611012       -5.0797075254914531E-002
 -0.19446349142894315      -0.98090975655320389     
  0.99701335215575937       -7.7229370210663673E-002
 -0.15244876248611572      -0.98831137543612879     
 -0.10525169631646314      -0.99444561461273873     
 -0.33523057187118577      -0.94213611738586822     
  0.98887661073695088      -0.14873818856433874     
 -0.23648381451659273      -0.97163542827116101     
  0.99275200930951701       0.12018089703408241     
  0.80077189327879306      -0.59896942737897518     
  0.42459849674463945      -0.90538175183852299     
 -0.32312447199169836      -0.94635647385120503     
  0.78211444367703709      -0.62313481445972796     
  0.98815037862608501      -0.15348885699335135     
  0.28386197819990233      -0.95886515075501555     
  0.96641375933376850      -0.25699113947833518     
  0.98068654539697575       0.19558604162195592     
 -0.29942670650819425      -0.95411930461009753     
 -0.88812192871969609       0.45960791956536973     
 -0.77362296325823832      -0.63364620311301700     
  0.99985456252770744       -1.7054436153892572E-002
  0.98805773685639120      -0.15408409599380057     
  0.94530010704762168      -0.32620194299813066     
 -0.61469262541471381      -0.78876674388615453     
 -0.54522903153198643      -0.83828712454307230     
  0.25162846454634746      -0.96782390744910229     
 -0.66751658882314369      -0.74459492587977949     
 -0.99947372671890611       -3.2438705255014855E-002
  0.13962160148183511      -0.99020493252641795     
  0.93630184768422575      -0.35119631265590667     
  0.29897660170971929      -0.95426044224315820     
  0.99458745759405298      -0.10390278724172131     
  0.84593744300646412      -0.53328214157206322     
 -0.51450580766547260      -0.85748689428964453     
 -0.50519313117510489      -0.86300631528019167     
  0.74826430611387440      -0.66340072972218112     
  0.31735963375307896      -0.94830525827083356     
 -0.81989383339786726      -0.57251559101578253     
 -0.65567778251150755      -0.75504082374451298     
 -0.99890322789523778        4.6822444409436281E-002
 -0.79762926712318305      -0.60314803508635784     
 -0.67116326713538810      -0.74130956344036991     
  0.88340344214067246       0.46861322902155833     
  0.32902186442122783      -0.94432230341805445     
  0.32933744585225289      -0.94421228903224663     
 -0.26996985102260596      -0.96286877586659347     
  0.90238125845123718      -0.43093858541091690     
 -0.48886477189807409      -0.87235957884180071     
 -0.57080479554150787      -0.82108579660521319     
  0.98652401738303719       0.16361651238928621     
  -5.1790635480526759E-002 -0.99865796450863176     
  -3.7739086105276209E-003 -0.99999287878154408     
 -0.54568926068378465      -0.83798760776898418     
  0.88581007293684544      -0.46404796592983888     
  0.75431183033874438       0.65651630795511373     
  0.75645323669133790       0.65404778166369437     
  0.31236676549633391       0.94996158017751353     
  0.75197896214236282       0.65918710583209639     
  0.83544781246429856       0.54956978869714024     
  0.79395633224963913       0.60797478770151436     
  0.97775242338188151       0.20976224295820700     
  0.59331194941887277      -0.80497262728416874     
  0.89062026641932923       0.45474777739221894     
  0.46004231930127432       0.88789698977522469     
  0.98775068467748850       0.15604033106589221     
  0.90703982961705276       0.42104482835948576     
 -0.79766065531966523      -0.60310652372114404     
  0.99505989999105138       -9.9276358866544290E-002
  0.70306090391522225       0.71112964035111892     
  0.64641207744512685      -0.76298848361759419     
 -0.99703258452030274       -7.6980682023260971E-002
  0.74665092943222378       0.66521604729440886     
  0.85234801366355306      -0.52297501240861977     
  0.88651128010269420       0.46270698098330265     
  0.61409463488750948      -0.78923239885497409     
  0.98899711339901719       0.14793481567369982     
  0.77592228239408456      -0.63082851210479918     
  0.99999555694691877       -2.9809539451443046E-003
  0.81438635670810944      -0.58032306692711444     
  0.94448459087560543      -0.32855571460338473     
  0.98222437193539258      -0.18771063682200806     
 -0.40031650345281061      -0.91637694049082008     
  0.90597446279551641      -0.42333234315650337     
  0.30351578709626226       0.95282640967982069     
  0.98092919625459707       0.19436540827860938     
  0.42451268550564625      -0.90542198992778233     
  0.97987169402772156      -0.19962831272954129     
  0.92436732223023010      -0.38150367441600641     
  0.78252387163456627       0.62262058295726930     
  0.97912559436361213      -0.20325616955483533     
  0.96118066691867954      -0.27591978099035075     
  0.86842137918814755       0.49582689334984265     
  0.89322880791879800      -0.44960237622143806     
  0.97895724083796754      -0.20406548118413803     
  0.93254407649055215      -0.36105615269980296     
  0.87416008332273809       0.48563787818207116     
  0.60232510818477680       0.79825087788877358     
  0.87851459148353483      -0.47771551424516018     
  0.98779184601643455       0.15577955239197627     
  0.99683656463278303        7.9478697844845292E-002
  0.44681894533710370       0.89462440727259340     
  0.60452839135822578       0.79658359513728150     
  0.96837628288618494       0.24949423789646041     
  0.89101515311221768       0.45397356412506162     
  0.87865347860420007       0.47746001354745804     
  0.42433790893522605       0.90550391442581868     
  0.99994241847936349        1.0731249957091293E-002
  0.66158692656995921      -0.74986848086295543     
  0.78462960455110065       0.61996482453602453     
  0.93967027478104914       0.34208153223012183     
  0.99475360513645050       0.10229987814281560     
  0.96069224634348160      -0.27761557559963246     
  0.98341240215850800       0.18138370180595897     
  0.98705138756195732       0.16040435876875458     
  0.61613114203597541       0.78764358425206882     
  0.96233336032903249      -0.27187221924616167     
  0.48907336039774141       0.87224265439684945     
  0.87434791974104087       0.48529961389281473     
  0.99800911849803509        6.3069797801919902E-002
  0.33377388889616211       0.94265316585217784     
  0.99869850111155301        5.1002979104536883E-002
  0.93347101924549858       0.35865283524429348     
  0.96774196820785841       0.25194341223612404     
  0.99999936422515900       -1.1276299381741683E-003
  0.67737370087906290       0.73563908906297404     
  0.99983258292324617       -1.8297708190651130E-002
  0.99304086209935316       0.11777031120352033     
  0.48748705571698958       0.87313021394771440     
  0.99880700515183474       -4.8832022890958671E-002
  0.29374235413791550       0.95588463183875705     
  0.98273801671363303      -0.18500267702321282     
  0.96370111199087960      -0.26698345781628918     
  0.99222503736744527       0.12445672027324239     
  0.93963045847233739       0.34219088461130143     
  0.67201256078786331      -0.74053974784837762     
  0.92870797304685204      -0.37081194802650019     
  0.96543769271822433      -0.26063396071677164     
  0.65953246030153068       0.75167608303617761     
  0.91534807657834083      -0.40266350555312569     
  0.94833801985970034       0.31726172175127565     
  0.51371939570786840       0.85795826382962415     
  0.98456438935703283       0.17502275054978744     
  0.96334711491865443      -0.26825796573057181     
  0.94949403227501183       0.31378508994874132     
  0.94517492044634410       0.32656449555830214     
  0.99845506015648455        5.5565212569658184E-002
  0.87120110226671721      -0.49092630751392552     
  0.97764237278610810      -0.21027456083213825     
  0.67994170316325642      -0.73326617288638862     
  0.98326309724142402       0.18219133240415675     
  0.95681151048258695       0.29070901844977304     
  0.99214584792453175      -0.12508643589979385     
  0.99260994542874803      -0.12134865568245223     
  0.94603926224576407       0.32405202404782429     
  0.95770033924927767       0.28776737167687960     
  0.66811850168419973       0.74405488218763849     
  0.52132680369609163       0.85335711384391566     
  0.81427093737425715       0.58048500458465657     
  0.94956990856440182      -0.31355539980838321     
  0.67979007241151246       0.73340674761741287     
  0.94670038211040364      -0.32211548629647702     
  0.97665121376867980      -0.21483111190924975     
  0.66138568685772603      -0.75004598073700413     
  0.56851648474794347       0.82267187053517432     
  0.87595345509936706      -0.48239563068033831     
  0.51353286412614785       0.85806992574171703     
  -7.6264542398651769E-002 -0.99708761880424768     
  0.99996395086595469       -8.4909933783305913E-003
 -0.37118055225051216      -0.92856071294827314     
  0.98609900196806488       0.16615883460588721     
  0.93615107026863098      -0.35159802848551014     
  0.60459828017523121       0.79653055158553321     
  0.66133625076819691       0.75008957026468859     
  0.84533075094937604      -0.53424331675685466     
  0.14848250564574739      -0.98891503452883212     
  0.99451818938236525      -0.10456371735751491     
  0.79039303081019241      -0.61260007904560232     
  0.98316374017373687      -0.18272673588610167     
  0.96634012351404008      -0.25726788701054382     
  0.98726468469089323       0.15908627333051639     
  0.87079687874032763       0.49164295578814521     
  0.92524462829151066      -0.37937102922825372     
  0.80525313890931149      -0.59293117836448883     
  0.99707488117649101        7.6430892490449986E-002
  0.98274995905001061       0.18493922782147387     
  0.99985062432742278       -1.7283779449623560E-002
  0.30620976426292790       0.95196406458964766     
  0.74393052372472135       0.66825696844152915     
  0.61606169080466944      -0.78769790727339906     
  0.98605261280398282       0.16643390514687484     
  0.96136458283209214       0.27527829350691380     
  0.89038081291206306       0.45521644082574020     
  0.58267775702564994       0.81270328624139221     
  0.91849176817181100      -0.39544009887797266     
  0.98965376848045195       0.14347619500265640     
   7.7458345624330405E-002  0.99699558910415598     
 -0.74184925648555256       0.67056668620789139     
  0.48225155637309292       0.87603278270606411     
  0.71252147096493579       0.70165030707180986     
  0.77416674250359208       0.63298171758857169     
  0.99673060368739752       -8.0796681076366283E-002
  0.97309475262263390      -0.23040530032595907     
 -0.45319132495206060      -0.89141327283600402     
  0.95766028319913232      -0.28790064602733678     
  0.99163095160054460       0.12910482495940878     
  0.60817433549188493       0.79380348805545342     
  0.97179344320574024       0.23583363573148852     
  0.70597251221167401       0.70823923359380359     
  0.99775362842774729        6.6990275109637398E-002
  0.51394416254868958       0.85782364025604196     
  0.97974361694627854       0.20025594885801556     
  0.59618604363353234       0.80284631242635518     
  0.14595267564054326       0.98929157303262594     
 -0.48774077205025879       0.87298851039393277     
  0.34863389271142964       0.93725898707501121     
  0.64982396428017386      -0.76008474228022727     
  0.99870899522611012       -5.0797075254914531E-002
  0.61957408199366160       0.78493818668842463     
  0.99701335215575937       -7.7229370210663673E-002
  0.65248944820342469       0.75779780943414687     
  0.68780688129483647       0.72589372090098125     
  0.49866721580680917       0.86679352090303841     
  0.98887661073695088      -0.14873818856433874     
  0.58523109665167827       0.81086655098843163     
  0.99275200930951701       0.12018089703408241     
  0.97552572411550031      -0.21988533736683968     
  0.96420504932739082       0.26515773202296899     
  0.50973886098435806       0.86032917746777027     
  0.78211444367703709      -0.62313481445972796     
  0.98815037862608501      -0.15348885699335135     
  0.91346918441001423       0.40690791235033064     
  0.96641375933376850      -0.25699113947833518     
  0.98068654539697575       0.19558604162195592     
  0.53103258870737191       0.84735139684238914     
 -0.88812192871969609       0.45960791956536973     
  -2.0627100601107506E-002  0.99978723872671660     
  0.99985456252770744       -1.7054436153892572E-002
  0.98805773685639120      -0.15408409599380057     
  0.94530010704762168      -0.32620194299813066     
  0.20054503535103674       0.97968448430913302     
  0.28331419254508317       0.95902714680165779     
  0.89934664879052639       0.43723632661210898     
  0.13264978539248085       0.99116297067401060     
 -0.62446118337570267       0.78105584336654021     
  0.13962160148183511      -0.99020493252641795     
  0.93630184768422575      -0.35119631265590667     
  0.91978429814644957       0.39242431739539740     
  0.99458745759405298      -0.10390278724172131     
  0.84593744300646412      -0.53328214157206322     
  0.31786724970725100       0.94813522852151677     
  0.32811244621067237       0.94463867306057780     
  0.74826430611387429      -0.66340072972218123     
  0.92719525641486222       0.37457837161504504     
  -9.7161584632826092E-002  0.99526862025869123     
  0.14828165917324510       0.98894517014485217     
 -0.68435989567515210       0.72914438432418527     
  -5.9408893938889706E-002  0.99823373180881769     
 -0.67116326713538810      -0.74130956344036991     
  0.88340344214067246       0.46861322902155833     
  0.32902186442122783      -0.94432230341805445     
  0.93186222886843018       0.36281232946023478     
  0.55681689645266819       0.83063526521862707     
  0.90238125845123718      -0.43093858541091690     
 -0.48886477189807409      -0.87235957884180071     
 -0.57080479554150787      -0.82108579660521319     
  0.98652401738303719       0.16361651238928621     
  0.72573120294865756       0.68797835799296414     
  0.75793163078460590       0.65233399655099122     
  0.28278753899888098       0.95918257270811413     
  0.92816271313693943      -0.37217466053222359     
